36 36 242
36 52 242
36 67 242
36 83 242
36 98 242
36 114 242
36 129 242
36 144 242
36 160 242
36 175 242
36 191 242
36 206 242
36 222 242
36 237 242
36 242 232
36 242 217
36 242 201
36 242 186
36 242 170
36 242 155
36 242 139
36 242 124
36 242 108
36 242 93
36 242 78
36 242 62
36 242 47
41 242 36
57 242 36
72 242 36
88 242 36
103 242 36
119 242 36
134 242 36
150 242 36
165 242 36
180 242 36
196 242 36
211 242 36
227 242 36
242 242 36
242 227 36
242 211 36
242 196 36
242 180 36
242 165 36
242 150 36
242 134 36
242 119 36
242 103 36
242 88 36
242 72 36
242 57 36
242 41 36
242 36 47
242 36 62
242 36 78
242 36 93
242 36 108
242 36 124
242 36 139
242 36 155
242 36 170
242 36 186
242 36 201
242 36 217
242 36 232
237 36 242
222 36 242
206 36 242
191 36 242
175 36 242
160 36 242
144 36 242
129 36 242
114 36 242
98 36 242
83 36 242
67 36 242
52 36 242
